306
884
244
560
439
991
950
854
610
610
583
916
456
620
962
542
631
742
423
456
708
855
923
472
130
538
673
477
300
100
477
252
521
924
23
664
761
583
673
693
526
932
318
465
479
668
962
866
806
325
34
923
143
313
303
583
949
361
790
441
747
765
950
481
134
793
901
734
328
468
442
883
921
840
956
556
520
511
889
991
431
431
397
98
645
79
141
363
706
660
641
968
490
938
992
888
604
468
499
880
808
709
968
473
288
854
972
806
720
855
808
472
947
891
573
884
477
582
604
24
968
312
874
583
17
673
781
490
686
367
488
747
600
913
951
844
615
349
324
354
22
85
438
947
747
647
545
470
598
82
735
720
52
294
898
417
545
416
815
296
830
760
972
307
638
472
95
18
985
709
864
392
532
384
418
443
39
859
717
100
547
138
981
518
323
766
633
638
596
755
806
874
981
476
456
443
735
880
410
702
686
706
769
522
641
664
721
760
536
583
608
860
533
114
696
566
555
352
312
9
386
571
481
734
325
898
739
402
815
254
752
341
305
983
143
281
547
100
324
536
666
430
894
966
512
145
735
514
664
767
541
991
750
719
842
859
472
2
880
302
426
788
934
913
625
312
326
990
709
558
990
718
390
848
561
901
323
318
547
859
854
304
434
668
764
680
848
58
145
591
566
964
327
831
476
323
321
630
974
324
618
830
472
418
499
455
886
345
888
776
305
696
960
706
33
769
473
629
922
254
688
735
638
144
752
761
717
830
647
771
40
345
458
852
641
416
788
98
985
108
697
469
386
790
893
147
629
889
347
401
80
95
440
718
742
558
240
480
868
834
480
964
228
442
142
284
443
98
880
121
948
108
744
635
818
581
641
400
653
161
518
885
960
558
950
918
934
781
4
831
866
534
932
882
878
327
490
311
537
305
607
655
108
702
815
431
487
866
336
777
738
676
972
874
851
471
960
778
870
963
914
311
629
960
833
666
815
534
51
704
629
977
412
50
321
498
34
625
982
875
473
964
408
304
655
905
325
631
458
693
518
477
763
921
829
23
867
58
945
641
348
558
946
512
928
592
505
822
739
310
324
676
875
947
563
975
571
955
387
968
10
438
821
991
968
752
653
982
145
321
321
918
138
318
539
763
874
348
982
556
777
845
598
473
10
617
975
719
806
650
480
708
744
655
909
115
316
657
348
704
566
833
920
339
653
818
719
884
484
975
604
567
960
580
921
389
760
923
477
859
581
821
418
438
826
304
518
671
519
598
673
546
479
818
976
885
512
230
662
309
620
657
833
669
511
519
638
706
975
979
563
301
924
564
499
763
572
662
561
734
143
888
923
981
876
875
912
570
320
664
529
816
403
539
854
718
888
822
965
683
909
918
469
481
766
764
327
977
830
484
113
911
52
963
984
821
620
913
666
985
320
310
469
709
475
964
867
875
898
981
459
994
305
980
596
792
971
459
975
100
582
547
669
918
337
108
638
441
40
13
310
988
319
909
309
625
349
662
657
437
260
581
650
347
348
706
539
676
971
437
937
611
526
735
657
610
982
821
971
308
763
566
118
418
91
862
499
563
577
437
818
826
786
826
771
556
947
133
309
51
672
979
874
635
548
858
650
662
810
449
563
753
498
595
132
548
581
672
493
918
14
133
866
540
689
542
522
974
322
750
778
647
459
708
979
310
822
739
548
702
566
699
71
133
105
738
973
769
826
920
133
934
498
822
297
889
965
329
328
866
980
437
709
422
2
14
428
718
327
657
848
820
909
556
490
934
976
515
878
629
131
973
904
896
151
820
606
742
606
518
459
320
716
431
471
752
916
896
806
604
631
920
404
556
912
404
442
898
311
304
426
719
913
471
604
996
755
512
738
885
976
986
782
896
101
498
990
673
631
669
822
865
336
780
3
718
407
548
459
760
752
818
854
469
982
536
392
332
683
820
708
322
780
561
672
356
820
773
923
407
404
815
848
891
875
95
519
580
820
826
114
476
558
653
704
939
536
980
737
699
986
979
973
821
422
405
771
880
158
760
763
95
519
896
309
265
991
986
840
484
404
859
888
367
669
120
451
405
484
881
407
320
699
973
780
699
934
976
920
896
981
884
522
980
986
977
977
114
699
342
780
490
318
405
473
422
662
609
341
481
650
76
971
519
800
885
422
669
438
976
631
561
979
74
539
480
672
980
775
285
443
650
38
885
443
58
830
913
704
437
929
484
405
548
498
931
920
386
512
909
561
780
986
581
971
848
973
647
964
672
719
407
574
11
142
527
704
469
563
887