779
378
123
741
696
100
1
267
13
507
440
783
478
556
777
925
692
740
927
185
410
759
18
541
231
835
336
618
269
113
339
820
572
607
503
490
642
897
754
757
116
73
672
451
851
694
95
926
136
210
8
485
8
692
90
805
625
797
660
624
106
469
918
473
617
400
649
228
846
716
325
648
89
922
587
892
407
908
860
497
607
892
3
702
942
724
911
451
558
588
487
697
194
837
191
988
921
367
706
757
748
802
615
830
563
795
16
569
424
954
590
548
952
470
36
720
769
591
160
905
678
687
779
652
498
113
492
836
587
461
716
378
114
357
843
918
867
287
660
232
846
491
464
307
847
655
455
607
119
677
510
580
664
357
27
637
3
14
423
922
833
635
660
653
762
741
570
103
797
967
857
126
314
99
873
588
771
582
641
897
965
96
473
937
798
552
297
235
814
960
108
546
754
979
202
915
969
667
567
194
962
441
752
582
748
610
218
118
510
555
676
768
564
988
730
492
854
41
622
194
571
288
576
409
39
847
605
757
833
277
495
450
656
797
119
508
746
457
870
897
374
920
134
571
697
983
779
725
231
204
308
802
541
996
800
866
316
289
30
843
722
194
258
409
565
732
56
18
267
599
620
894
584
145
563
627
128
385
119
660
227
990
472
435
769
432
30
248
706
535
827
908
161
768
742
250
563
744
931
674
324
801
996
70
962
805
538
177
617
928
905
71
798
838
341
804
814
486
201
630
831
629
999
839
922
464
514
420
896
786
391
214
266
968
605
700
603
840
378
634
700
13
460
902
733
184
457
123
491
535
542
164
435
733
152
496
335
937
600
579
937
322
386
750
168
724
765
785
676
755
432
780
210
728
581
959
293
351
410
833
717
392
837
433
992
171
35
848
833
856
926
154
671
945
970
416
660
214
547
723
835
848
135
904
77
96
584
898
221
640
631
574
658
218
647
486
79
435
830
367
746
11
596
123
448
740
672
431
536
847
466
656
64
108
792
303
942
795
428
731
962
714
883
2
405
675
535
435
328
864
737
766
786
565
810
369
269
897
781
561
525
970
578
506
387
866
589
746
710
940
722
224
622
602
45
460
336
383
116
422
350
680
768
279
71
563
721
686
436
513
34
488
168
152
4
785
820
694
572
721
691
456
751
506
885
763
117
945
926
19
651
765
1
88
953
904
795
577
300
396
430
61
759
379
508
518
997
892
808
255
517
645
991
550
594
963
447
928
723
753
857
5
703
762
34
551
399
112
804
624
827
186
506
769
607
784
878
634
699
363
536
465
889
55
971
485
874
492
963
361
990
72
716
601
291
106
149
848
697
113
393
701
599
640
72
557
495
933
613
362
528
552
115
766
550
467
730
741
182
106
415
749
834
633
805
440
220
538
902
915
889
768
151
247
611
403
211
487
379
420
883
828
900
643
578
908
476
834
253
590
603
660
796
747
423
778
671
386
763
513
569
864
893
730
810
318
776
615
602
303
65
419
698
903
416
773
805
791
737
979
199
399
757
106
178
710
588
646
793
535
292
510
97
600
794
972
712
244
772
63
795
607
524
722
563
52
523
597
909
728
210
300
697
529
104
522
941
885
866
418
655
367
929
772
485
596
543
614
118
108
578
681
311
90
994
650
373
105
841
417
211
891
526
725
500
836
495
819
130
758
590
822
566
428
757
50
54
840
959
901
853
588
947
86
407
730
929
779
567
697
761
108
554
814
556
467
447
123
146
271
936
241
298
668
269
765
836
862
743
551
203
587
34
832
418
463
275
936
348
689
83
910
92
46
517
900
754
838
740
407
554
941
420
874
405
888
533
785
740
532
456
833
873
929
427
737
741
246
774
666
649
673
879
599
51
239
308
708
817
739
936
45
568
746
357
610
956
816
293
678
52
347
410
514
391
677
568
748
308
818
618
949
890
765
355
779
460
15
92
793
743
411
106
853
315
189
538
62
858
590
219
881
190
983
675
230
414
638
791
29
44
46
133
680
905
430
292
582
1000
608
199
467
116
192
755
351
375
549
1000
655
511
505
634
840
285
468
393
457
633
711
421
575
297
335
732
783
829
351
666
588
412
871
217
713
636
159
459
95
590
19
685
370
482
75
601
656
1000
542
867
76
290
998
766
875
544
852
739
192
575
915
912
647
850
843
82
554
423
776
782
583
683
872
953
212
923
486
624
894
918
693
520
526
79
843
367
905
866
741
548
458
849
712
556
646
778
26
977
774
892
529
315
597
747
962
141
496
181
141
773
575
622
857
962
983
346
840
927
765
416
676
